id
010101
020201
020102
030301
030202
030103
040401
040302
040203
040104
050501
050402
050303
050204
050105
060601
060502
060403
060304
060205
060106
070701
070602
070503
070404
070305
070206
070107
080801
080702
080603
080504
080405
080306
080207
080108
090901
090802
090703
090604
090505
090406
090307
090208
090109
100110
100902
100803
100704
100605
100506
100407
100308
100209
100110
111001
110902
110803
110704
110605
110506
110407
110308
110209
110110
121101
120902
120803
120704
120605
120506
120407
120308
120209
120110
131201
130902
130803
130704
130605
130506
130407
130308
130209
130110
